int 	 binary 
00
0000
00010
00011
00100
001010
001011
001100
0011010
0011011
0011100
00111010
00111011
0011110
00111110
01000
010010
010011
010100
0101010
0101011
0101100
01011010
01011011
01011100
010111010
010111011
01011110
010111110
0110000
01100010
01100011
01100100
011001010
011001011
01100110
011001110
01101000
011010010
011010011
011010100
011010110
011011000
01110000
011100010
011100011
011100100
011100110
011101000
011110000
10000
100010
100011
100100
1001010
1001011
1001100
10011010
10011011
10011100
100111010
100111011
10011110
100111110
101000
1010010
1010011
1010100
10101010
10101011
10101100
101011010
101011011
101011100
101011110
10110000
101100010
101100011
101100100
101100110
101101000
101110000
11000000
110000010
110000011
110000100
110000110
110001000
110010000
110100000
111000000
